/**** Start of imports. If edited, may not auto-convert in the playground. ****/
var grass2 = /* color: #dde026 */ee.Feature(
        ee.Geometry.MultiPoint(
            [[-89.62259908319089, 45.014022375149935],
             [-89.62257494330976, 45.01398255611301],
             [-89.62254007459256, 45.01395601007299],
             [-90.33764578986013, 45.006421437268536],
             [-90.33835389304006, 45.006118013167615],
             [-90.32099783504884, 45.0085835852891],
             [-90.32106757248323, 45.00842808650779],
             [-90.32083690250795, 45.00836740394203],
             [-90.316703618416, 45.00838447092015],
             [-90.3158560403673, 45.00827069096996],
             [-90.31702548349779, 45.00824793495281],
             [-90.3251874455301, 45.00630700305379],
             [-90.3251338013498, 45.006326915243996],
             [-90.32508418048303, 45.00634682742728],
             [-90.32512039030473, 45.00637811798703],
             [-90.32524377191942, 45.0063657914049],
             [-90.32570377076547, 45.00639897835069],
             [-90.32566353763025, 45.00638854816981],
             [-90.32559245909135, 45.00636863600103],
             [-90.32557100141923, 45.00633829363529],
             [-90.32544493759553, 45.006305106654345],
             [-90.32575205052774, 45.00624537004025],
             [-90.32573327506464, 45.00631743324952],
             [-90.32572120512407, 45.00635156842227],
             [-90.32575339163225, 45.00619890818619],
             [-90.29614303547912, 45.007582072378725],
             [-90.28999004799896, 45.00652768808027],
             [-90.29002223450713, 45.0063759765121],
             [-90.28839145142608, 45.00730520356069],
             [-90.28839681584411, 45.00763517035526],
             [-90.28899226624542, 45.00775274427104],
             [-90.28893325764709, 45.00778308588753],
             [-90.28908346135192, 45.00779446398958],
             [-90.28902981717162, 45.00774895156784],
             [-90.13025545752502, 44.667452322883236],
             [-90.1302876440332, 44.66736075876991],
             [-90.13027691519714, 44.66723104269507],
             [-90.13034665263153, 44.66736457394418],
             [-90.13025545752502, 44.66765071129929],
             [-90.13027155077911, 44.66780713245628],
             [-90.13023936427093, 44.66804748609441],
             [-90.13035201704956, 44.6682344271239],
             [-90.13030910170532, 44.6681619398575],
             [-90.1302339998529, 44.66544360192918],
             [-90.13021254218079, 44.665107854505365],
             [-90.13033055937744, 44.664985764050954],
             [-90.13026618636108, 44.66471105958835],
             [-90.13019108450867, 44.66534440402909],
             [-90.13024472868896, 44.66569541122088],
             [-90.11515998518921, 44.666504245788495],
             [-90.13029837286926, 44.66497813338901],
             [-90.10643555547078, 44.66341379215386],
             [-90.10639264012654, 44.66322302013109],
             [-90.10630680943807, 44.663024616561486],
             [-90.10628535176595, 44.662749902805665],
             [-90.10624243642171, 44.66234546074066],
             [-90.1025302591451, 44.661864705181834],
             [-90.10255171681722, 44.66175787007182],
             [-90.10245515729268, 44.66156709259998],
             [-90.09945349262728, 44.66248068030246],
             [-90.09944812820925, 44.66261040700735],
             [-90.0994749502994, 44.66295379982497],
             [-90.09942667053713, 44.6629728771441],
             [-90.08718506859316, 44.66105748297947],
             [-90.0871743397571, 44.661439040649206],
             [-90.08719579742922, 44.660881965608176],
             [-90.08726017044557, 44.66104985180048],
             [-90.08719579742922, 44.66018752210304],
             [-90.08724944160952, 44.660508035523584],
             [-90.08800046013369, 44.66056145425476],
             [-90.08768932388796, 44.660614872936705],
             [-90.08855835960878, 44.660508035523584],
             [-90.09260313080324, 44.66066829156943],
             [-90.09265677498354, 44.660553823010474],
             [-90.08906261490358, 44.659737274067176],
             [-90.08697049187197, 44.65931754817297],
             [-90.08837596939577, 44.66228608970086],
             [-90.08901969955934, 44.66213346916414],
             [-90.08109108971132, 44.6607827599024],
             [-90.08468524979128, 44.66521632609356],
             [-90.08708850906862, 44.666040428393096],
             [-90.0881640748836, 44.66488820802821],
             [-90.08813725889894, 44.66479100032028],
             [-90.08814530552598, 44.66463647870109],
             [-90.08816139878007, 44.66460023282954],
             [-90.08841620863649, 44.664590694438544],
             [-90.08869515837404, 44.664539187099926],
             [-90.08913235844346, 44.66453155637921],
             [-90.08933888853761, 44.66452201797689],
             [-90.07742475309502, 44.664380404762774],
             [-90.07747035064827, 44.66434225104461],
             [-90.07741134204994, 44.66434225104461],
             [-90.07788341083656, 44.66440138929706],
             [-90.07798801698814, 44.66433080492427],
             [-90.07807384767662, 44.66430028192561],
             [-90.07800679245125, 44.664277389666104]]),
        {
          "class_2017": 0,
          "system:index": "0"
        }),
    impervious2 = /* color: #ff0000 */ee.Feature(
        ee.Geometry.MultiPoint(
            [[-89.61528282574211, 45.01797068807322],
             [-89.61497168949639, 45.01797448009954],
             [-89.61469273975884, 45.017989648202324],
             [-89.61372714451348, 45.01784555106377],
             [-89.61564224175011, 45.02024585873801],
             [-89.6156046908239, 45.01997284303166],
             [-90.34318186926687, 45.00437329339733],
             [-90.34328915762747, 45.00417606086292],
             [-90.32577082599084, 45.00618658156552],
             [-90.32576680267732, 45.00623873263483],
             [-90.32584995115678, 45.00622925062574],
             [-90.32577753151338, 45.00608512389465],
             [-90.1737388654918, 44.66770957166065],
             [-90.17377105199998, 44.66761037763823],
             [-90.17096009695237, 44.66710677459811],
             [-90.16474269240912, 44.66807557652535],
             [-90.16476146787222, 44.66802597984854],
             [-90.16472391694602, 44.66798592096319],
             [-90.16413919538077, 44.667957307456724],
             [-90.16416869967993, 44.66798782852979],
             [-90.16414992421683, 44.66802979497902],
             [-90.16618572085913, 44.6677570125159],
             [-90.16619644969519, 44.66771313829358],
             [-90.1658906778675, 44.66820529071025],
             [-90.16589604228552, 44.66814424877704],
             [-90.16569755881842, 44.6683731556951],
             [-90.16570560544547, 44.66844373514582],
             [-90.16573242753562, 44.66842847473134],
             [-90.16578607171591, 44.668394138784016],
             [-90.1627042135578, 44.667934416641366],
             [-90.16269348472174, 44.66792106366157],
             [-90.16265325158652, 44.667970660428175],
             [-90.16274444669303, 44.667879097133614],
             [-90.1627578577381, 44.66785620628738],
             [-90.16287855714377, 44.66773984434588],
             [-90.16286246388968, 44.66777608825437],
             [-90.162918790279, 44.66770169283883],
             [-90.16289465039786, 44.66763302006281],
             [-90.16292415469702, 44.667680709499244],
             [-90.16294293016013, 44.66766354130663]]),
        {
          "class_2017": 1,
          "system:index": "0"
        }),
    soil2 = /* color: #c2ab6a */ee.Feature(
        ee.Geometry.MultiPoint(
            [[-90.19509842881594, 44.767029174361994],
             [-90.20848801621828, 44.7726961059434],
             [-90.18489479543004, 44.76989704195741],
             [-90.15448927403722, 44.775061027926235],
             [-90.15313744069371, 44.77471068359724],
             [-90.13031446612335, 44.667559147499354],
             [-90.13035738146759, 44.667501920050924],
             [-90.13035201704956, 44.66713947823217],
             [-90.13030910170532, 44.66688767521344],
             [-90.13016962683655, 44.66692201205312],
             [-90.12506270087219, 44.66580223907477],
             [-90.12613558447815, 44.666809463447095],
             [-90.12853884375549, 44.66674842004394]]),
        {
          "class_2017": 2,
          "system:index": "0"
        }),
    tree2 = /* color: #34c058 */ee.Feature(
        ee.Geometry.MultiPoint(
            [[-89.63244815469358, 45.01545015375048],
             [-89.63114996553037, 45.01322030063952],
             [-89.63323135972593, 45.01733863490571],
             [-89.64011927247617, 45.014896490842766],
             [-89.64170714021299, 45.0129851750132],
             [-89.62402870059583, 45.01463672249665],
             [-89.62392409444425, 45.01461965738154],
             [-89.62444980741117, 45.01441297947292],
             [-89.62455977798078, 45.01438832976431],
             [-89.62488432527158, 45.0146424108672],
             [-89.6246536552963, 45.014640514743746],
             [-89.62434520125959, 45.01470308678471],
             [-89.62344129682157, 45.014862360762336],
             [-89.62296922803495, 45.01482254230946],
             [-89.62323476672742, 45.01487563357384],
             [-89.62269296050641, 45.014725840237205],
             [-89.62226112485502, 45.014701190663274],
             [-89.62206264138791, 45.01472015187493],
             [-89.62527860999677, 45.01419871626642],
             [-89.62557365298841, 45.014037544299576],
             [-89.62535907626722, 45.01412666297258],
             [-89.62593038678739, 45.01424991197271],
             [-89.6261664211807, 45.014314380574795],
             [-89.62645341754529, 45.01414752051435],
             [-89.62655534148786, 45.01428404241816],
             [-89.62699790597532, 45.01411718226929],
             [-89.6270300924835, 45.01369054899616],
             [-89.62659289241407, 45.01358626037932],
             [-89.62603499293897, 45.01347438692465],
             [-89.62539394498441, 45.01344973681203],
             [-89.61065333298241, 45.01463360756462],
             [-89.60967700890099, 45.01496732436675],
             [-89.60894744804894, 45.01455017806022],
             [-89.61461227348839, 45.01392824519732],
             [-89.61386125496422, 45.01351867596489],
             [-89.61343210152184, 45.01291948606991],
             [-89.60797112396752, 45.01347316809159],
             [-89.6068875115255, 45.01331389025025],
             [-89.60715573242699, 45.01362486086197],
             [-90.32507479275148, 45.0062112348042],
             [-90.32503992403429, 45.00621313120674],
             [-90.32500773752611, 45.00625295564548],
             [-90.32508552158754, 45.0063136404513],
             [-90.32515794123094, 45.00627950525594],
             [-90.32512039030473, 45.006268126852966],
             [-90.3257641204683, 45.00613727505632],
             [-90.32574668610971, 45.0061116735829],
             [-90.32571986401956, 45.00618563336381],
             [-90.32568097198885, 45.006228302424766],
             [-90.32570377076547, 45.00627097145392],
             [-90.32563135112207, 45.00631079585246],
             [-90.32553076828401, 45.00631269225169],
             [-90.32527864063661, 45.006148653485305],
             [-90.32526522959154, 45.00618184055688],
             [-90.3252410897104, 45.006202700992006],
             [-90.32525450075548, 45.006230198826735],
             [-90.32530412162225, 45.00621028660291],
             [-90.28889034230285, 45.00763137764427],
             [-90.28882596928649, 45.00766171932507],
             [-90.28891179997497, 45.0077148172278],
             [-90.28896007973724, 45.00768068286742],
             [-90.16455493777808, 44.667953492321466],
             [-90.1645227512699, 44.66798019826303],
             [-90.1645039758068, 44.66804505549849],
             [-90.16454689115103, 44.66807557652535],
             [-90.16460053533133, 44.668094652158985],
             [-90.16465149730261, 44.668073668961654],
             [-90.16528181642111, 44.668231996535816],
             [-90.16526572316702, 44.668264425021746],
             [-90.16530863851126, 44.66833691215998],
             [-90.16538105815467, 44.66830257615842],
             [-90.16538910478171, 44.66820719826963],
             [-90.16548298209723, 44.668136618530866],
             [-90.16559027045783, 44.66785239114546],
             [-90.16552589744147, 44.667835223003706],
             [-90.16548834651526, 44.6677913488406],
             [-90.16550980418738, 44.6677417519206],
             [-90.16553394406851, 44.667716953444675],
             [-90.16562513917502, 44.6677455670698],
             [-90.16558222383078, 44.66781042456778],
             [-90.16588799565848, 44.667848576003294],
             [-90.1658370336872, 44.66784666843212],
             [-90.16577534287985, 44.667804701850294],
             [-90.16577266067084, 44.6677570125159],
             [-90.16578070729788, 44.66770169283883],
             [-90.16586385577735, 44.66761394427724],
             [-90.16595505088385, 44.66755671688293],
             [-90.16601405948218, 44.667577700267415],
             [-90.1660542926174, 44.667673079192056],
             [-90.16609720796164, 44.667699785262805],
             [-90.1663949331623, 44.66772649132128],
             [-90.16647003501471, 44.66771313829358],
             [-90.16666315406378, 44.66777990340131],
             [-90.16406141131934, 44.66791343338603],
             [-90.16396216958579, 44.6679077106787],
             [-90.16392461865958, 44.667915340955],
             [-90.16391657203253, 44.66800690419228],
             [-90.16399167388495, 44.66798782852979],
             [-90.16402386039313, 44.66802407228319],
             [-90.16408018678244, 44.6679935512292],
             [-90.16651831477698, 44.667890542553344],
             [-90.16649685710486, 44.66793632420966],
             [-90.16655586570319, 44.66798019826303],
             [-90.16659609883841, 44.667984013396534],
             [-90.16666851848181, 44.66806222357807],
             [-90.1666658362728, 44.66809846728496],
             [-90.16670606940802, 44.66804887062772],
             [-90.16676239579733, 44.668066038706186],
             [-90.16674898475226, 44.66802407228319],
             [-90.16694478601035, 44.66790961824787],
             [-90.16700379460868, 44.6679077106787],
             [-90.16706012099799, 44.667961122591734],
             [-90.16703329890784, 44.668018349586795],
             [-90.16698501914557, 44.668073668961654],
             [-90.16690187066611, 44.66808511434295],
             [-90.16732297748145, 44.667783718547994],
             [-90.16733102410849, 44.66773412162142],
             [-90.16735784619864, 44.667680709499244],
             [-90.16743026584204, 44.66767689434576],
             [-90.16750268548545, 44.667673079192056],
             [-90.16757242291983, 44.667699785262805],
             [-90.16761802047309, 44.6677417519206],
             [-90.1675670585018, 44.66779325641362],
             [-90.16706012099799, 44.667695970110586],
             [-90.1670252522808, 44.66765781857465],
             [-90.167062803207, 44.66760440638213],
             [-90.16717277377661, 44.66766354130663],
             [-90.16714058726843, 44.667692154958125],
             [-90.16713790505942, 44.66758723816696],
             [-90.1671700915676, 44.66761012911942],
             [-90.13004624522186, 44.66780713245628],
             [-90.13004088080383, 44.66775753554976],
             [-90.13006233847595, 44.66766597191858],
             [-90.13005160963989, 44.66763163551958],
             [-90.13008379614807, 44.66754770201418],
             [-90.13006233847595, 44.66748284422223],
             [-90.13004624522186, 44.66735694359536],
             [-90.13369404948212, 44.667727014355435],
             [-90.13361358321167, 44.66769649314505],
             [-90.13346874392487, 44.66770412344916],
             [-90.13330244696594, 44.66771175375225],
             [-90.1330610481546, 44.667727014355435],
             [-90.13292157328583, 44.667715568903446],
             [-90.13284110701538, 44.667768980993515],
             [-90.13281964934326, 44.667910141280394],
             [-90.13283574259735, 44.668078007119995],
             [-90.13285183585144, 44.66834888051786],
             [-90.13005697405792, 44.668066561737284],
             [-90.13007843173004, 44.66823824224069],
             [-90.13007843173004, 44.66838703159897],
             [-90.13012134707428, 44.66836032584483],
             [-90.13011598265625, 44.66849385449244],
             [-90.13396495259262, 44.66780522488376],
             [-90.1339783636377, 44.66787008231499],
             [-90.13391399062134, 44.667906326142024],
             [-90.1339059439943, 44.667900603433985],
             [-90.13388180411316, 44.6679616456238],
             [-90.13386839306808, 44.66805511635231],
             [-90.10828427534715, 44.66230449108346],
             [-90.10827891092912, 44.66235981591124],
             [-90.10823599558488, 44.66242086393579],
             [-90.1082413600029, 44.66250862035848],
             [-90.10821990233079, 44.66260019213616],
             [-90.10824672442094, 44.66269367151003],
             [-90.10831914406434, 44.66265170119755],
             [-90.10841033917085, 44.66247237315651],
             [-90.1084022925438, 44.66232929187487],
             [-90.10869465332642, 44.66243040268383],
             [-90.1088341281952, 44.66231402985064],
             [-90.10873488646165, 44.66259828439226],
             [-90.10909430246964, 44.66259256116022],
             [-90.10910234909669, 44.6624628344154],
             [-90.10826549988404, 44.66296838553229],
             [-90.10826818209306, 44.66292450768554],
             [-90.10826281767503, 44.662886353009185],
             [-90.10824940662995, 44.66282339773833],
             [-90.10825477104798, 44.66278524299541],
             [-90.10835937719956, 44.66310574205528],
             [-90.10831914406434, 44.663092387963154],
             [-90.10831646185532, 44.663040879293305],
             [-90.10882071715012, 44.663040879293305],
             [-90.10878853064195, 44.66295884687277],
             [-90.10894583033098, 44.66294807662801],
             [-90.10882513092531, 44.66286795181125],
             [-90.10893778370394, 44.66278782688373],
             [-90.10616706179155, 44.66280499652039],
             [-90.10615633295549, 44.66270388636474],
             [-90.10618047283663, 44.66256843663458],
             [-90.10610000656618, 44.66244061758492],
             [-90.10616974400057, 44.662904198765865],
             [-90.10619656609072, 44.6630682636455],
             [-90.1061938838817, 44.66320371220788],
             [-90.105888112054, 44.66316937316566],
             [-90.10485546158327, 44.66295379982497],
             [-90.0988097624637, 44.66256843663458],
             [-90.09808020161165, 44.66255699016402],
             [-90.09769932793154, 44.66194269292825],
             [-90.09833232925905, 44.66182059580783],
             [-90.09743647144808, 44.66188164440018],
             [-90.09656743572725, 44.66175573160802],
             [-90.09597198532595, 44.66191979973775],
             [-90.09729163216127, 44.66229372071713],
             [-90.09713606403841, 44.6627897346214],
             [-90.09864882992281, 44.66274776437848],
             [-90.09525315330995, 44.663129310924056],
             [-90.09795145557894, 44.66311786456423],
             [-90.09752766655458, 44.66368254895483],
             [-90.09679810570253, 44.66379701133654],
             [-90.09634749458803, 44.663041555440934],
             [-90.09548918770327, 44.662667639284855],
             [-90.09556428955568, 44.66201900349794],
             [-90.09383694695009, 44.66314075728162],
             [-90.09387986229433, 44.66314075728162],
             [-90.09394423531069, 44.66314075728162],
             [-90.09745256470217, 44.66357571719471],
             [-90.09750620888246, 44.66360624057482],
             [-90.09748475121035, 44.663552824649045],
             [-90.09546773003115, 44.66374359558653],
             [-90.09549991653932, 44.663735964761095],
             [-90.09552137421144, 44.66375122641099],
             [-90.09335414932741, 44.66259896054506],
             [-90.09323613213076, 44.66263711541054],
             [-90.09328977631105, 44.662438709835776],
             [-90.09218470619692, 44.66245397182718],
             [-90.09909407661928, 44.663362053083794],
             [-90.09896533058657, 44.66399541226275]]),
        {
          "class_2017": 3,
          "system:index": "0"
        }),
    water2 = /* color: #2523be */ee.Feature(
        ee.Geometry.MultiPoint(
            [[-90.36288001227224, 45.00693725455157],
             [-90.36277272391165, 45.00827228948008],
             [-90.36169984030569, 45.007210332409215],
             [-90.36054112601126, 45.00698276761825],
             [-90.35923220801199, 45.008894283764306],
             [-90.35908200430715, 45.007255845258925],
             [-90.32095223749559, 45.00857031101936],
             [-90.32103806818407, 45.00850393962458],
             [-90.32090395773332, 45.00838257458951],
             [-90.29483442596701, 45.00432615604225],
             [-90.29596095375327, 45.004398221665895],
             [-90.29558008007315, 45.004466494278354],
             [-90.2954620628765, 45.004208575093266],
             [-90.13123233823143, 44.75900099927324],
             [-90.13130744008384, 44.75868674454283],
             [-90.12664307860695, 44.760764603199966],
             [-90.12657870559059, 44.76017801089249],
             [-90.12378384379707, 44.760082784306675],
             [-90.21264109705243, 44.740514081919805],
             [-90.22369179819378, 44.738753670444034],
             [-90.22452864740643, 44.73893657283269],
             [-90.2257839212254, 44.74103609839574],
             [-90.22632089101975, 44.74270502182782],
             [-90.22758689367478, 44.74168387598077],
             [-90.21677222692674, 44.743055560273525],
             [-90.13393813050247, 44.66785863689121],
             [-90.13394081271149, 44.667824300606355],
             [-90.1339434949205, 44.66778805672804],
             [-90.1338898507402, 44.66776325827193],
             [-90.13386839306808, 44.66789106558604],
             [-90.13387643969513, 44.668005519657974]]),
        {
          "class_2017": 4,
          "system:index": "0"
        }),
    water = /* color: #1d65f7 */ee.Feature(
        ee.Geometry({
          "type": "GeometryCollection",
          "geometries": [
            {
              "type": "Polygon",
              "coordinates": [
                [
                  [
                    -90.32922050902823,
                    45.00155861411567
                  ],
                  [
                    -90.32943612168056,
                    45.001135447621074
                  ],
                  [
                    -90.32916521970672,
                    45.00150527846142
                  ],
                  [
                    -90.32875081758996,
                    45.001508123368836
                  ],
                  [
                    -90.3285080773614,
                    45.00141613938183
                  ],
                  [
                    -90.32849198410732,
                    45.001529932947136
                  ]
                ]
              ],
              "geodesic": true,
              "evenOdd": true
            },
            {
              "type": "Polygon",
              "coordinates": [
                [
                  [
                    -89.635427104442,
                    44.9652874178074
                  ],
                  [
                    -89.63545258542764,
                    44.965249462656985
                  ],
                  [
                    -89.63544856211412,
                    44.96520486532318
                  ],
                  [
                    -89.63546733757723,
                    44.96518304108334
                  ],
                  [
                    -89.63547672530878,
                    44.965150779148374
                  ],
                  [
                    -89.63557864925134,
                    44.96515267690979
                  ],
                  [
                    -89.63558133146036,
                    44.96512610824473
                  ],
                  [
                    -89.63557462593782,
                    44.96510238621195
                  ],
                  [
                    -89.6355518271612,
                    44.9650691753496
                  ],
                  [
                    -89.63556121489275,
                    44.96501508904689
                  ],
                  [
                    -89.6356430222677,
                    44.964990418084874
                  ],
                  [
                    -89.63569264313448,
                    44.96499516250147
                  ],
                  [
                    -89.63574092289674,
                    44.964974287065495
                  ],
                  [
                    -89.63570739528406,
                    44.964942973897294
                  ],
                  [
                    -89.63560949465501,
                    44.96494392278144
                  ],
                  [
                    -89.63531579276788,
                    44.965262746962495
                  ]
                ]
              ],
              "evenOdd": true
            },
            {
              "type": "Polygon",
              "coordinates": [
                [
                  [
                    -89.63331896729211,
                    44.965053200814886
                  ],
                  [
                    -89.63323850102167,
                    44.96507692286799
                  ],
                  [
                    -89.63320363230447,
                    44.96503612093056
                  ],
                  [
                    -89.6331727869008,
                    44.96505509857947
                  ],
                  [
                    -89.63312316603403,
                    44.96506648516581
                  ],
                  [
                    -89.63306818074922,
                    44.96508166727743
                  ],
                  [
                    -89.63296893901567,
                    44.96512057142007
                  ],
                  [
                    -89.63299442000131,
                    44.96518224866532
                  ],
                  [
                    -89.63351342744569,
                    44.965122469182454
                  ],
                  [
                    -89.63348258204202,
                    44.96505794522627
                  ],
                  [
                    -89.63341955013017,
                    44.96506743404792
                  ]
                ]
              ],
              "evenOdd": true
            },
            {
              "type": "Polygon",
              "coordinates": [
                [
                  [
                    -89.63262963059849,
                    44.969353224129506
                  ],
                  [
                    -89.63262963059849,
                    44.969325708598355
                  ],
                  [
                    -89.63261890176243,
                    44.96931622048109
                  ],
                  [
                    -89.63262292507595,
                    44.96927826799638
                  ],
                  [
                    -89.63265377047962,
                    44.9692469571776
                  ],
                  [
                    -89.63265242937511,
                    44.969144485287536
                  ],
                  [
                    -89.63256928089565,
                    44.969142587658226
                  ],
                  [
                    -89.63255721095508,
                    44.96935891699636
                  ]
                ]
              ],
              "evenOdd": true
            },
            {
              "type": "Polygon",
              "coordinates": [
                [
                  [
                    -89.63140495122802,
                    44.9693287391967
                  ],
                  [
                    -89.63145256043803,
                    44.969304070089855
                  ],
                  [
                    -89.6313834935559,
                    44.96921535609885
                  ],
                  [
                    -89.63126413525474,
                    44.969198277453785
                  ],
                  [
                    -89.63126145304572,
                    44.96922104897937
                  ]
                ]
              ],
              "evenOdd": true
            },
            {
              "type": "Polygon",
              "coordinates": [
                [
                  [
                    -89.63094763459098,
                    44.9693927839437
                  ],
                  [
                    -89.6309603750838,
                    44.96933775290615
                  ],
                  [
                    -89.63090471924674,
                    44.96928129859725
                  ],
                  [
                    -89.63086985052955,
                    44.969353408292875
                  ]
                ]
              ],
              "evenOdd": true
            },
            {
              "type": "Polygon",
              "coordinates": [
                [
                  [
                    -90.3627688266468,
                    45.007516287123586
                  ],
                  [
                    -90.36277955548286,
                    45.00747456720242
                  ],
                  [
                    -90.3613472558689,
                    45.00752766527863
                  ]
                ]
              ],
              "geodesic": true,
              "evenOdd": true
            },
            {
              "type": "Polygon",
              "coordinates": [
                [
                  [
                    -90.36157822963261,
                    45.00724540057587
                  ],
                  [
                    -90.36158091184163,
                    45.00719988771786
                  ],
                  [
                    -90.3613421952393,
                    45.007197991347994
                  ],
                  [
                    -90.36135292407536,
                    45.00725298604869
                  ]
                ]
              ],
              "geodesic": true,
              "evenOdd": true
            },
            {
              "type": "Polygon",
              "coordinates": [
                [
                  [
                    -90.36019559460763,
                    45.00787702830174
                  ],
                  [
                    -90.35823758202676,
                    45.007897888119544
                  ],
                  [
                    -90.35921927052621,
                    45.007901680812864
                  ]
                ]
              ],
              "geodesic": true,
              "evenOdd": true
            },
            {
              "type": "Polygon",
              "coordinates": [
                [
                  [
                    -90.35808551841745,
                    45.00933962189198
                  ],
                  [
                    -90.35809088283548,
                    45.00923627350338
                  ],
                  [
                    -90.35804796749125,
                    45.009235325352165
                  ],
                  [
                    -90.35804796749125,
                    45.00933772559294
                  ]
                ]
              ],
              "geodesic": true,
              "evenOdd": true
            },
            {
              "type": "Polygon",
              "coordinates": [
                [
                  [
                    -89.71458486130655,
                    44.72946701091195
                  ],
                  [
                    -89.71292189171731,
                    44.7288648564403
                  ],
                  [
                    -89.71579721978128,
                    44.73016062411611
                  ]
                ]
              ],
              "geodesic": true,
              "evenOdd": true
            },
            {
              "type": "Polygon",
              "coordinates": [
                [
                  [
                    -89.7257428508085,
                    44.72894107887186
                  ],
                  [
                    -89.72005656769693,
                    44.729200234387804
                  ],
                  [
                    -89.72286752274454,
                    44.729253589791085
                  ]
                ]
              ],
              "geodesic": true,
              "evenOdd": true
            },
            {
              "type": "Polygon",
              "coordinates": [
                [
                  [
                    -89.71330375040495,
                    44.73504148139392
                  ],
                  [
                    -89.71328229273283,
                    44.73392874129847
                  ],
                  [
                    -89.71316427553617,
                    44.73501099564919
                  ]
                ]
              ],
              "geodesic": true,
              "evenOdd": true
            },
            {
              "type": "Polygon",
              "coordinates": [
                [
                  [
                    -89.71458409188723,
                    44.74534257008498
                  ],
                  [
                    -89.71475575326419,
                    44.74528541948354
                  ],
                  [
                    -89.71464041827655,
                    44.74527398935644
                  ]
                ]
              ],
              "geodesic": true,
              "evenOdd": true
            },
            {
              "type": "Polygon",
              "coordinates": [
                [
                  [
                    -89.7132303513671,
                    44.74556921744353
                  ],
                  [
                    -89.71318207160483,
                    44.74555016732402
                  ],
                  [
                    -89.71309221760283,
                    44.74559207757866
                  ]
                ]
              ],
              "geodesic": true,
              "evenOdd": true
            }
          ],
          "coordinates": []
        }),
        {
          "class_2017": 4,
          "system:index": "0"
        }),
    grass = /* color: #fffe58 */ee.Feature(
        ee.Geometry({
          "type": "GeometryCollection",
          "geometries": [
            {
              "type": "Polygon",
              "coordinates": [
                [
                  [
                    -90.32720461202135,
                    45.00925300171725
                  ],
                  [
                    -90.32744601083269,
                    45.00914680871438
                  ],
                  [
                    -90.32714023900499,
                    45.00918094220105
                  ]
                ]
              ],
              "evenOdd": true
            },
            {
              "type": "Polygon",
              "coordinates": [
                [
                  [
                    -90.31944229913225,
                    45.00913922349235
                  ],
                  [
                    -90.3185518057393,
                    45.00918094220105
                  ],
                  [
                    -90.31993046117296,
                    45.00918094220105
                  ]
                ]
              ],
              "evenOdd": true
            },
            {
              "type": "Polygon",
              "coordinates": [
                [
                  [
                    -90.32370969367494,
                    45.00981240803559
                  ],
                  [
                    -90.32322421384325,
                    45.00992428864364
                  ],
                  [
                    -90.32436147046556,
                    45.00987498535175
                  ]
                ]
              ],
              "evenOdd": true
            },
            {
              "type": "Polygon",
              "coordinates": [
                [
                  [
                    -90.34382022405748,
                    45.00601225159918
                  ],
                  [
                    -90.34371427675354,
                    45.00548125383077
                  ],
                  [
                    -90.34380144859438,
                    45.00542815460169
                  ],
                  [
                    -90.34355200315599,
                    45.00548125457482
                  ],
                  [
                    -90.34354663870226,
                    45.00574106388478
                  ],
                  [
                    -90.34356809641008,
                    45.00598949468479
                  ],
                  [
                    -90.34359760093294,
                    45.00553814683997
                  ],
                  [
                    -90.34367538474564,
                    45.00548504749641
                  ]
                ]
              ],
              "geodesic": true,
              "evenOdd": true
            },
            {
              "type": "Polygon",
              "coordinates": [
                [
                  [
                    -90.32018720716876,
                    45.01320870311262
                  ],
                  [
                    -90.32004773293156,
                    45.01335281392012
                  ],
                  [
                    -90.31882464498919,
                    45.01331488858444
                  ],
                  [
                    -90.32005846113604,
                    45.01337177357763
                  ]
                ]
              ],
              "geodesic": true,
              "evenOdd": true
            },
            {
              "type": "Polygon",
              "coordinates": [
                [
                  [
                    -90.33939678811325,
                    45.008636496199856
                  ],
                  [
                    -90.33912320280368,
                    45.008499961112804
                  ],
                  [
                    -90.33809859980784,
                    45.008553058205045
                  ],
                  [
                    -90.33764262423057,
                    45.008685800534934
                  ]
                ]
              ],
              "evenOdd": true
            },
            {
              "type": "Polygon",
              "coordinates": [
                [
                  [
                    -90.35212244908153,
                    45.01298415158922
                  ],
                  [
                    -90.35293247620403,
                    45.01254044414067
                  ],
                  [
                    -90.35245504299938,
                    45.0125745756049
                  ]
                ]
              ],
              "geodesic": true,
              "evenOdd": true
            },
            {
              "type": "Polygon",
              "coordinates": [
                [
                  [
                    -90.3329923001877,
                    45.013304455780265
                  ],
                  [
                    -90.33297352476785,
                    45.013355652361824
                  ],
                  [
                    -90.332828685443,
                    45.01336134089122
                  ],
                  [
                    -90.33256851113114,
                    45.01335660044118
                  ],
                  [
                    -90.33267848173296,
                    45.01330824811561
                  ],
                  [
                    -90.3323995319954,
                    45.01337271777776
                  ],
                  [
                    -90.33300839344179,
                    45.01337082161228
                  ]
                ]
              ],
              "geodesic": true,
              "evenOdd": true
            },
            {
              "type": "Polygon",
              "coordinates": [
                [
                  [
                    -90.3322546927086,
                    45.0131451774697
                  ],
                  [
                    -90.33186711353102,
                    45.013273169404854
                  ],
                  [
                    -90.3317142275921,
                    45.013340482955776
                  ],
                  [
                    -90.33166460672533,
                    45.01337840627387
                  ],
                  [
                    -90.33205620928607,
                    45.01327222130947
                  ],
                  [
                    -90.33224932829057,
                    45.013295923024884
                  ],
                  [
                    -90.33210851232083,
                    45.01324899279785
                  ]
                ]
              ],
              "geodesic": true,
              "evenOdd": true
            },
            {
              "type": "Polygon",
              "coordinates": [
                [
                  [
                    -90.35216227640272,
                    45.015208139779276
                  ],
                  [
                    -90.35213545431257,
                    45.01512091889687
                  ],
                  [
                    -90.35106257070662,
                    45.015151256610146
                  ],
                  [
                    -90.35110012163283,
                    45.01522710082308
                  ]
                ]
              ],
              "geodesic": true,
              "evenOdd": true
            },
            {
              "type": "Polygon",
              "coordinates": [
                [
                  [
                    -90.34570815444266,
                    45.00186641051737
                  ],
                  [
                    -90.34471037369104,
                    45.001974517689185
                  ],
                  [
                    -90.34383060813224,
                    45.00203330635752
                  ],
                  [
                    -90.34376623511588,
                    45.00207123716243
                  ],
                  [
                    -90.34562232375418,
                    45.00190054834239
                  ]
                ]
              ],
              "geodesic": true,
              "evenOdd": true
            },
            {
              "type": "Polygon",
              "coordinates": [
                [
                  [
                    -90.34255387664115,
                    45.00130503003265
                  ],
                  [
                    -90.34233393550193,
                    45.00130123690255
                  ],
                  [
                    -90.34249755013997,
                    45.00135434008828
                  ],
                  [
                    -90.3423822152642,
                    45.001832272672
                  ],
                  [
                    -90.34254851222312,
                    45.00182847957681
                  ],
                  [
                    -90.34243317724776,
                    45.001794341111044
                  ]
                ]
              ],
              "geodesic": true,
              "evenOdd": true
            },
            {
              "type": "Polygon",
              "coordinates": [
                [
                  [
                    -90.32047638572112,
                    44.99413688141035
                  ],
                  [
                    -90.31948799186247,
                    44.99413404045715
                  ],
                  [
                    -90.31850630319968,
                    44.99414162341578
                  ],
                  [
                    -90.31850093878165,
                    44.99416533343707
                  ],
                  [
                    -90.32047504461661,
                    44.99415395262807
                  ]
                ]
              ],
              "geodesic": true,
              "evenOdd": true
            },
            {
              "type": "Polygon",
              "coordinates": [
                [
                  [
                    -89.63370194402388,
                    44.96943499351239
                  ],
                  [
                    -89.6336771335905,
                    44.969315917754024
                  ],
                  [
                    -89.6335973378723,
                    44.96930168557513
                  ],
                  [
                    -89.63318695989302,
                    44.969313071318524
                  ],
                  [
                    -89.63329424825362,
                    44.96943167267787
                  ]
                ]
              ],
              "geodesic": true,
              "evenOdd": true
            },
            {
              "type": "Polygon",
              "coordinates": [
                [
                  [
                    -89.64925495438182,
                    44.96409797012034
                  ],
                  [
                    -89.64939979365603,
                    44.964048152955264
                  ],
                  [
                    -89.64929786971346,
                    44.963960854185935
                  ],
                  [
                    -89.64912620833651,
                    44.9639788832905
                  ],
                  [
                    -89.64920667458563,
                    44.96404056176326
                  ],
                  [
                    -89.64918052307121,
                    44.9640718754339
                  ],
                  [
                    -89.64912989638,
                    44.96407851772936
                  ],
                  [
                    -89.64908597520129,
                    44.964075671018136
                  ],
                  [
                    -89.64914900711314,
                    44.964097495679155
                  ]
                ]
              ],
              "geodesic": true,
              "evenOdd": true
            },
            {
              "type": "Polygon",
              "coordinates": [
                [
                  [
                    -89.66086722067023,
                    44.96698150505544
                  ],
                  [
                    -89.66023555978836,
                    44.966979607615116
                  ],
                  [
                    -89.66034083750839,
                    44.96657444551995
                  ],
                  [
                    -89.6604300206008,
                    44.966169283342275
                  ],
                  [
                    -89.66019935062552,
                    44.96700427746109
                  ]
                ]
              ],
              "geodesic": true,
              "evenOdd": true
            },
            {
              "type": "Polygon",
              "coordinates": [
                [
                  [
                    -89.25092215687818,
                    44.78396888067473
                  ],
                  [
                    -89.25088058263844,
                    44.78392128701111
                  ],
                  [
                    -89.25080816299504,
                    44.78398887000173
                  ],
                  [
                    -89.25091411025113,
                    44.78402218553136
                  ]
                ]
              ],
              "geodesic": true,
              "evenOdd": true
            },
            {
              "type": "Polygon",
              "coordinates": [
                [
                  [
                    -89.25094897896832,
                    44.78347104901219
                  ],
                  [
                    -89.25093825013226,
                    44.78343106999265
                  ],
                  [
                    -89.25086717159337,
                    44.7834186955286
                  ],
                  [
                    -89.25086314827985,
                    44.783491038511585
                  ],
                  [
                    -89.25091411025113,
                    44.783509124243146
                  ]
                ]
              ],
              "geodesic": true,
              "evenOdd": true
            },
            {
              "type": "Polygon",
              "coordinates": [
                [
                  [
                    -89.251701338597,
                    44.783588606206855
                  ],
                  [
                    -89.25170066804475,
                    44.78357290019875
                  ],
                  [
                    -89.25166848153657,
                    44.78357337613845
                  ],
                  [
                    -89.25163562447614,
                    44.7835705205002
                  ],
                  [
                    -89.25159472078866,
                    44.78355243478784
                  ],
                  [
                    -89.25152967722005,
                    44.783551958847966
                  ],
                  [
                    -89.25152565390653,
                    44.78360240845287
                  ],
                  [
                    -89.25154711157865,
                    44.783585750569344
                  ],
                  [
                    -89.25166043490952,
                    44.783580991173174
                  ],
                  [
                    -89.25167250485009,
                    44.78359336560242
                  ]
                ]
              ],
              "geodesic": true,
              "evenOdd": true
            },
            {
              "type": "Polygon",
              "coordinates": [
                [
                  [
                    -89.2523055061776,
                    44.78317358540581
                  ],
                  [
                    -89.25230014175958,
                    44.78313360618027
                  ],
                  [
                    -89.25222772211617,
                    44.78313646184015
                  ],
                  [
                    -89.25222638101167,
                    44.783182152379105
                  ]
                ]
              ],
              "geodesic": true,
              "evenOdd": true
            },
            {
              "type": "Polygon",
              "coordinates": [
                [
                  [
                    -89.69259961783386,
                    44.89257138076461
                  ],
                  [
                    -89.69268813073136,
                    44.892491573949115
                  ],
                  [
                    -89.69246818959213,
                    44.89255807963637
                  ]
                ]
              ],
              "geodesic": true,
              "evenOdd": true
            },
            {
              "type": "Polygon",
              "coordinates": [
                [
                  [
                    -89.69253591015897,
                    44.89275481260967
                  ],
                  [
                    -89.69254328623376,
                    44.89271158406957
                  ],
                  [
                    -89.69254865065179,
                    44.892696857856166
                  ],
                  [
                    -89.69258650786037,
                    44.89268735707133
                  ],
                  [
                    -89.69262405878658,
                    44.89268593195347
                  ],
                  [
                    -89.69262405878658,
                    44.89267453100933
                  ],
                  [
                    -89.69254225141162,
                    44.8926783313243
                  ],
                  [
                    -89.69252012318725,
                    44.89273533601869
                  ]
                ]
              ],
              "geodesic": true,
              "evenOdd": true
            }
          ],
          "coordinates": []
        }),
        {
          "class_2017": 0,
          "system:index": "0"
        }),
    tree = /* color: #2ca919 */ee.Feature(
        ee.Geometry({
          "type": "GeometryCollection",
          "geometries": [
            {
              "type": "Polygon",
              "coordinates": [
                [
                  [
                    -90.31949444564827,
                    45.00817705203298
                  ],
                  [
                    -90.31952126773842,
                    45.00796845452964
                  ],
                  [
                    -90.31849666389473,
                    45.00795707646215
                  ],
                  [
                    -90.318003137436,
                    45.00808982044217
                  ]
                ]
              ],
              "evenOdd": true
            },
            {
              "type": "Polygon",
              "coordinates": [
                [
                  [
                    -90.3188813596075,
                    45.00697863352379
                  ],
                  [
                    -90.31800695946865,
                    45.006840197823706
                  ],
                  [
                    -90.31802305272274,
                    45.00708293417274
                  ]
                ]
              ],
              "evenOdd": true
            },
            {
              "type": "Polygon",
              "coordinates": [
                [
                  [
                    -90.32168695023708,
                    45.00724981481601
                  ],
                  [
                    -90.32170304349117,
                    45.00699190816239
                  ],
                  [
                    -90.32159307292156,
                    45.00698811540882
                  ],
                  [
                    -90.32156625083141,
                    45.00724602207951
                  ]
                ]
              ],
              "evenOdd": true
            },
            {
              "type": "Polygon",
              "coordinates": [
                [
                  [
                    -90.32103170300319,
                    45.00554920034261
                  ],
                  [
                    -90.32077957535579,
                    45.00529128603215
                  ],
                  [
                    -90.32067228699519,
                    45.00556057888838
                  ]
                ]
              ],
              "evenOdd": true
            },
            {
              "type": "Polygon",
              "coordinates": [
                [
                  [
                    -90.34505978693129,
                    45.01384591829587
                  ],
                  [
                    -90.34415320028425,
                    45.01382506064428
                  ],
                  [
                    -90.3436046899205,
                    45.014123703177326
                  ],
                  [
                    -90.34373745904281,
                    45.01426686169839
                  ],
                  [
                    -90.34364358057142,
                    45.01434460352183
                  ],
                  [
                    -90.34375891555906,
                    45.01457403519001
                  ],
                  [
                    -90.3438400558853,
                    45.01412275524669
                  ],
                  [
                    -90.34427524492936,
                    45.01393693410269
                  ]
                ]
              ],
              "geodesic": true,
              "evenOdd": true
            },
            {
              "type": "Polygon",
              "coordinates": [
                [
                  [
                    -90.34548625812114,
                    45.01428771947918
                  ],
                  [
                    -90.34556404220744,
                    45.01441096816778
                  ],
                  [
                    -90.34570351714088,
                    45.01435029191261
                  ],
                  [
                    -90.34571961035893,
                    45.01407914423138
                  ]
                ]
              ],
              "geodesic": true,
              "evenOdd": true
            },
            {
              "type": "Polygon",
              "coordinates": [
                [
                  [
                    -89.63519704265721,
                    44.96589460783977
                  ],
                  [
                    -89.63539552581294,
                    44.965971466119626
                  ],
                  [
                    -89.63550817890294,
                    44.96612423353367
                  ],
                  [
                    -89.63560071511395,
                    44.96601226740107
                  ],
                  [
                    -89.63551756663449,
                    44.9659135852047
                  ],
                  [
                    -89.63535529298909,
                    44.965831982491025
                  ],
                  [
                    -89.63514742179044,
                    44.96581869831735
                  ],
                  [
                    -89.63509645981915,
                    44.965842420053896
                  ],
                  [
                    -89.63504013342984,
                    44.96584052231533
                  ],
                  [
                    -89.63494893832333,
                    44.96586803951836
                  ],
                  [
                    -89.63483762664922,
                    44.96590884086405
                  ],
                  [
                    -89.63474911375172,
                    44.96597431273024
                  ],
                  [
                    -89.63467803521283,
                    44.966078688014576
                  ]
                ]
              ],
              "geodesic": true,
              "evenOdd": true
            },
            {
              "type": "Polygon",
              "coordinates": [
                [
                  [
                    -89.63955983138284,
                    44.966882132468335
                  ],
                  [
                    -89.63944248473844,
                    44.96686030886662
                  ],
                  [
                    -89.63936604178151,
                    44.966873118372995
                  ],
                  [
                    -89.63934190190038,
                    44.966938114713024
                  ],
                  [
                    -89.63939152276716,
                    44.9669808129985
                  ],
                  [
                    -89.63954105591974,
                    44.96695519403103
                  ]
                ]
              ],
              "geodesic": true,
              "evenOdd": true
            },
            {
              "type": "Polygon",
              "coordinates": [
                [
                  [
                    -89.63894666700365,
                    44.96665048433125
                  ],
                  [
                    -89.6387924399853,
                    44.966639098059325
                  ],
                  [
                    -89.638738795805,
                    44.96667515457934
                  ],
                  [
                    -89.63877902894022,
                    44.96674536984272
                  ],
                  [
                    -89.6388822939873,
                    44.96671168550411
                  ],
                  [
                    -89.63885949521067,
                    44.96667278244054
                  ],
                  [
                    -89.63894398479464,
                    44.96667041030167
                  ]
                ]
              ],
              "geodesic": true,
              "evenOdd": true
            },
            {
              "type": "Polygon",
              "coordinates": [
                [
                  [
                    -89.66233573010588,
                    44.96672151945006
                  ],
                  [
                    -89.66227806253572,
                    44.96668309120573
                  ],
                  [
                    -89.66178990057135,
                    44.96674144539581
                  ],
                  [
                    -89.66143048456335,
                    44.96690369926789
                  ],
                  [
                    -89.66184354475165,
                    44.96675947362648
                  ]
                ]
              ],
              "geodesic": true,
              "evenOdd": true
            },
            {
              "type": "Polygon",
              "coordinates": [
                [
                  [
                    -89.64795932147607,
                    44.97327606126632
                  ],
                  [
                    -89.64788690183266,
                    44.973228623931846
                  ],
                  [
                    -89.64781984660729,
                    44.97323479078756
                  ],
                  [
                    -89.64776150856122,
                    44.97326515068286
                  ],
                  [
                    -89.64775077972516,
                    44.973284599982364
                  ],
                  [
                    -89.64777559015855,
                    44.9733277679162
                  ]
                ]
              ],
              "geodesic": true,
              "evenOdd": true
            },
            {
              "type": "Polygon",
              "coordinates": [
                [
                  [
                    -89.64617302306317,
                    44.972897535243696
                  ],
                  [
                    -89.64610395618104,
                    44.972861957011695
                  ],
                  [
                    -89.64606372304581,
                    44.97285863637559
                  ],
                  [
                    -89.64600069113396,
                    44.97288140644793
                  ],
                  [
                    -89.64596716352128,
                    44.972901330253805
                  ],
                  [
                    -89.64595576413296,
                    44.97291651029173
                  ]
                ]
              ],
              "geodesic": true,
              "evenOdd": true
            },
            {
              "type": "Polygon",
              "coordinates": [
                [
                  [
                    -89.64617121804962,
                    44.9726299060858
                  ],
                  [
                    -89.6461164003918,
                    44.97258543309643
                  ],
                  [
                    -89.6460649355174,
                    44.97261211688956
                  ],
                  [
                    -89.64603274900922,
                    44.972579621943446
                  ],
                  [
                    -89.64596301157484,
                    44.97261401440405
                  ],
                  [
                    -89.64595027108201,
                    44.97263393830285
                  ],
                  [
                    -89.64606275622646,
                    44.97263002473364
                  ],
                  [
                    -89.64611899879485,
                    44.97264941493745
                  ]
                ]
              ],
              "geodesic": true,
              "evenOdd": true
            },
            {
              "type": "Polygon",
              "coordinates": [
                [
                  [
                    -89.64517737527095,
                    44.97273326145647
                  ],
                  [
                    -89.64512238998614,
                    44.97271286321439
                  ],
                  [
                    -89.64507880408965,
                    44.97271476072557
                  ],
                  [
                    -89.64505533476077,
                    44.972737056477456
                  ]
                ]
              ],
              "geodesic": true,
              "evenOdd": true
            },
            {
              "type": "Polygon",
              "coordinates": [
                [
                  [
                    -89.62651073391999,
                    44.96910678517585
                  ],
                  [
                    -89.62651073391999,
                    44.96907262781605
                  ],
                  [
                    -89.62643697317208,
                    44.96906408847289
                  ],
                  [
                    -89.62635516579712,
                    44.96911247806719
                  ]
                ]
              ],
              "geodesic": true,
              "evenOdd": true
            },
            {
              "type": "Polygon",
              "coordinates": [
                [
                  [
                    -89.62284753234078,
                    44.969175319503336
                  ],
                  [
                    -89.62274024398019,
                    44.96912408351719
                  ],
                  [
                    -89.6226342967241,
                    44.96921516968313
                  ]
                ]
              ],
              "geodesic": true,
              "evenOdd": true
            },
            {
              "type": "Polygon",
              "coordinates": [
                [
                  [
                    -89.62163231316342,
                    44.969187650664686
                  ],
                  [
                    -89.6214948499514,
                    44.96919239473415
                  ],
                  [
                    -89.6215035671307,
                    44.96921991032927
                  ],
                  [
                    -89.62163566592469,
                    44.969217063889005
                  ]
                ]
              ],
              "geodesic": true,
              "evenOdd": true
            },
            {
              "type": "Polygon",
              "coordinates": [
                [
                  [
                    -89.25070623905248,
                    44.783998388726445
                  ],
                  [
                    -89.25069416911191,
                    44.7840383673531
                  ],
                  [
                    -89.25080816299504,
                    44.784049789812784
                  ],
                  [
                    -89.25081218630856,
                    44.78399743685404
                  ]
                ]
              ],
              "geodesic": true,
              "evenOdd": true
            },
            {
              "type": "Polygon",
              "coordinates": [
                [
                  [
                    -89.25195279569215,
                    44.7832278428819
                  ],
                  [
                    -89.25209495276994,
                    44.78317168163379
                  ],
                  [
                    -89.25193670243806,
                    44.7830850599406
                  ],
                  [
                    -89.25192463249749,
                    44.78317548917776
                  ]
                ]
              ],
              "geodesic": true,
              "evenOdd": true
            },
            {
              "type": "Polygon",
              "coordinates": [
                [
                  [
                    -89.25779924159197,
                    44.78311398829882
                  ],
                  [
                    -89.25770804648546,
                    44.7829902428594
                  ],
                  [
                    -89.25747201209215,
                    44.78305497127619
                  ],
                  [
                    -89.2575524783626,
                    44.78315777508309
                  ]
                ]
              ],
              "geodesic": true,
              "evenOdd": true
            },
            {
              "type": "Polygon",
              "coordinates": [
                [
                  [
                    -89.25690179028913,
                    44.78348367753974
                  ],
                  [
                    -89.2569138602297,
                    44.78345512110627
                  ],
                  [
                    -89.2568877086918,
                    44.78343893912105
                  ],
                  [
                    -89.25683741727278,
                    44.78344845793642
                  ],
                  [
                    -89.25683339395925,
                    44.783471303086955
                  ],
                  [
                    -89.2568414405863,
                    44.78349034070552
                  ],
                  [
                    -89.25687563875124,
                    44.78349985951242
                  ]
                ]
              ],
              "geodesic": true,
              "evenOdd": true
            },
            {
              "type": "Polygon",
              "coordinates": [
                [
                  [
                    -89.25265537513631,
                    44.78337785567443
                  ],
                  [
                    -89.25260441316503,
                    44.78335025107172
                  ],
                  [
                    -89.25252394689458,
                    44.78336167366753
                  ],
                  [
                    -89.25251724137205,
                    44.783388326382344
                  ],
                  [
                    -89.25248505486387,
                    44.78341973849472
                  ],
                  [
                    -89.25254004014867,
                    44.78345876564083
                  ]
                ]
              ],
              "geodesic": true,
              "evenOdd": true
            },
            {
              "type": "Polygon",
              "coordinates": [
                [
                  [
                    -89.25228388918775,
                    44.78332455022284
                  ],
                  [
                    -89.2522570670976,
                    44.78335263077937
                  ],
                  [
                    -89.25225438488859,
                    44.78337500002649
                  ],
                  [
                    -89.2523019940986,
                    44.78338023538094
                  ],
                  [
                    -89.25232009900945,
                    44.7833364487654
                  ],
                  [
                    -89.25239654196638,
                    44.78333692470706
                  ],
                  [
                    -89.25245622111696,
                    44.783325978048076
                  ],
                  [
                    -89.25241397632497,
                    44.78330456066579
                  ],
                  [
                    -89.25233954502481,
                    44.7833078922591
                  ]
                ]
              ],
              "geodesic": true,
              "evenOdd": true
            },
            {
              "type": "Polygon",
              "coordinates": [
                [
                  [
                    -89.25318721715281,
                    44.782926995203375
                  ],
                  [
                    -89.25319056991408,
                    44.78287368933549
                  ],
                  [
                    -89.2531221735842,
                    44.78287940068083
                  ],
                  [
                    -89.25310608033011,
                    44.78295364811886
                  ]
                ]
              ],
              "geodesic": true,
              "evenOdd": true
            },
            {
              "type": "Polygon",
              "coordinates": [
                [
                  [
                    -89.26621712469563,
                    44.79694856987192
                  ],
                  [
                    -89.26578260683522,
                    44.796900986910316
                  ],
                  [
                    -89.26573432707295,
                    44.797074188702
                  ],
                  [
                    -89.26615006947026,
                    44.797097028459895
                  ]
                ]
              ],
              "geodesic": true,
              "evenOdd": true
            },
            {
              "type": "Polygon",
              "coordinates": [
                [
                  [
                    -89.71007875016153,
                    44.729581343331326
                  ],
                  [
                    -89.71010020783365,
                    44.7294403333149
                  ],
                  [
                    -89.7098212580961,
                    44.729447955486734
                  ],
                  [
                    -89.70980516484201,
                    44.7295851544081
                  ]
                ]
              ],
              "geodesic": true,
              "evenOdd": true
            },
            {
              "type": "Polygon",
              "coordinates": [
                [
                  [
                    -89.7089387951605,
                    44.73018949663738
                  ],
                  [
                    -89.70891733748839,
                    44.73018378008188
                  ],
                  [
                    -89.7088650344126,
                    44.730187591118934
                  ],
                  [
                    -89.7088127313368,
                    44.73021331561252
                  ],
                  [
                    -89.70878859145567,
                    44.730249520435954
                  ]
                ]
              ],
              "geodesic": true,
              "evenOdd": true
            },
            {
              "type": "Polygon",
              "coordinates": [
                [
                  [
                    -89.70763248074323,
                    44.73123425539122
                  ],
                  [
                    -89.70763985681802,
                    44.73117851995786
                  ],
                  [
                    -89.70761303472787,
                    44.73119328747108
                  ],
                  [
                    -89.70760901141435,
                    44.73121948788846
                  ]
                ]
              ],
              "geodesic": true,
              "evenOdd": true
            },
            {
              "type": "Polygon",
              "coordinates": [
                [
                  [
                    -89.69260461277122,
                    44.89273676113532
                  ],
                  [
                    -89.69262539989109,
                    44.892705883600314
                  ],
                  [
                    -89.6926193649208,
                    44.89269163242471
                  ],
                  [
                    -89.69258784896488,
                    44.89269305754244
                  ],
                  [
                    -89.6925831550991,
                    44.892699233052134
                  ],
                  [
                    -89.69254962748641,
                    44.892702083287155
                  ],
                  [
                    -89.69253889865035,
                    44.8927453118344
                  ],
                  [
                    -89.69254962748641,
                    44.89275433757092
                  ]
                ]
              ],
              "geodesic": true,
              "evenOdd": true
            },
            {
              "type": "Polygon",
              "coordinates": [
                [
                  [
                    -89.61803029961908,
                    44.922064270296964
                  ],
                  [
                    -89.61797799654329,
                    44.922043379244315
                  ],
                  [
                    -89.61787473149622,
                    44.92206711907632
                  ],
                  [
                    -89.61788680143678,
                    44.92211839707991
                  ],
                  [
                    -89.61788411922777,
                    44.922176322177094
                  ],
                  [
                    -89.61794983334863,
                    44.92216967503775
                  ],
                  [
                    -89.61795653887117,
                    44.92207851419216
                  ]
                ]
              ],
              "geodesic": true,
              "evenOdd": true
            }
          ],
          "coordinates": []
        }),
        {
          "class_2017": 3,
          "system:index": "0"
        }),
    impervious = /* color: #ff3e0c */ee.Feature(
        ee.Geometry({
          "type": "GeometryCollection",
          "geometries": [
            {
              "type": "Polygon",
              "coordinates": [
                [
                  [
                    -90.3279035719412,
                    45.00598217769598
                  ],
                  [
                    -90.3279035719412,
                    45.00585891090359
                  ],
                  [
                    -90.32651955208952,
                    45.00589683917567
                  ],
                  [
                    -90.32652223429854,
                    45.006029587930136
                  ]
                ]
              ],
              "evenOdd": true
            },
            {
              "type": "Polygon",
              "coordinates": [
                [
                  [
                    -89.64587248702058,
                    44.97279593831809
                  ],
                  [
                    -89.64574508209238,
                    44.972750872473995
                  ],
                  [
                    -89.6457491054059,
                    44.97280068208909
                  ]
                ]
              ],
              "geodesic": true,
              "evenOdd": true
            },
            {
              "type": "Polygon",
              "coordinates": [
                [
                  [
                    -89.62695195730294,
                    44.96925859541785
                  ],
                  [
                    -89.62695866282547,
                    44.96924246559871
                  ],
                  [
                    -89.62673738058174,
                    44.96924056797264
                  ],
                  [
                    -89.62674140389527,
                    44.96926523710677
                  ]
                ]
              ],
              "geodesic": true,
              "evenOdd": true
            },
            {
              "type": "Polygon",
              "coordinates": [
                [
                  [
                    -89.25373675126549,
                    44.783616917516554
                  ],
                  [
                    -89.25373675126549,
                    44.783542670931546
                  ],
                  [
                    -89.25368847150322,
                    44.783540767171715
                  ],
                  [
                    -89.25366433162209,
                    44.783616917516554
                  ]
                ]
              ],
              "geodesic": true,
              "evenOdd": true
            },
            {
              "type": "Polygon",
              "coordinates": [
                [
                  [
                    -89.62884336190817,
                    44.95997561602177
                  ],
                  [
                    -89.62855368333456,
                    44.95959602824423
                  ],
                  [
                    -89.62850003915426,
                    44.95978582244691
                  ]
                ]
              ],
              "geodesic": true,
              "evenOdd": true
            },
            {
              "type": "Polygon",
              "coordinates": [
                [
                  [
                    -89.6285965986788,
                    44.96068164260855
                  ],
                  [
                    -89.62816744523641,
                    44.960476668042894
                  ],
                  [
                    -89.62828546243307,
                    44.960658867692985
                  ]
                ]
              ],
              "geodesic": true,
              "evenOdd": true
            },
            {
              "type": "Polygon",
              "coordinates": [
                [
                  [
                    -89.63636597182762,
                    44.960747571443065
                  ],
                  [
                    -89.63619431045066,
                    44.96093356603482
                  ],
                  [
                    -89.63647862460624,
                    44.960747571443065
                  ]
                ]
              ],
              "geodesic": true,
              "evenOdd": true
            },
            {
              "type": "Polygon",
              "coordinates": [
                [
                  [
                    -89.64008887794029,
                    44.960466680508546
                  ],
                  [
                    -89.64007814910423,
                    44.9603490095732
                  ],
                  [
                    -89.64000304725181,
                    44.9603490095732
                  ]
                ]
              ],
              "geodesic": true,
              "evenOdd": true
            }
          ],
          "coordinates": []
        }),
        {
          "class_2017": 1,
          "system:index": "0"
        }),
    soil = /* color: #d6b257 */ee.Feature(
        ee.Geometry({
          "type": "GeometryCollection",
          "geometries": [
            {
              "type": "Polygon",
              "coordinates": [
                [
                  [
                    -90.34585640300871,
                    45.014183431965556
                  ],
                  [
                    -90.34577057232023,
                    45.014183431965556
                  ],
                  [
                    -90.34584835638167,
                    45.01439011070262
                  ]
                ]
              ],
              "evenOdd": true
            },
            {
              "type": "Polygon",
              "coordinates": [
                [
                  [
                    -90.34690112342001,
                    45.01436356485155
                  ],
                  [
                    -90.34690112342001,
                    45.01425738132414
                  ],
                  [
                    -90.34687832464338,
                    45.01425927746031
                  ],
                  [
                    -90.34687296022535,
                    45.01436735711674
                  ]
                ]
              ],
              "evenOdd": true
            },
            {
              "type": "Polygon",
              "coordinates": [
                [
                  [
                    -90.34622520674826,
                    45.01423936802765
                  ],
                  [
                    -90.34619302024008,
                    45.01424600450597
                  ],
                  [
                    -90.34620106686712,
                    45.01436261678522
                  ],
                  [
                    -90.3462332533753,
                    45.01436072065248
                  ]
                ]
              ],
              "evenOdd": true
            },
            {
              "type": "Polygon",
              "coordinates": [
                [
                  [
                    -89.25665100374624,
                    44.78344179476584
                  ],
                  [
                    -89.25662485220835,
                    44.78339039313815
                  ],
                  [
                    -89.25663289883539,
                    44.783319477854455
                  ],
                  [
                    -89.25659668901369,
                    44.783317098145424
                  ],
                  [
                    -89.25658528962538,
                    44.783397056314676
                  ],
                  [
                    -89.25661747613356,
                    44.78346749556251
                  ]
                ]
              ],
              "geodesic": true,
              "evenOdd": true
            },
            {
              "type": "Polygon",
              "coordinates": [
                [
                  [
                    -89.74195677447275,
                    44.88312144940134
                  ],
                  [
                    -89.74195677447275,
                    44.88300742089907
                  ],
                  [
                    -89.74130231547312,
                    44.882999818990875
                  ],
                  [
                    -89.74127012896494,
                    44.88312905129348
                  ]
                ]
              ],
              "geodesic": true,
              "evenOdd": true
            },
            {
              "type": "Polygon",
              "coordinates": [
                [
                  [
                    -90.11750164116883,
                    44.659593187627046
                  ],
                  [
                    -90.11760542990278,
                    44.6594320290871
                  ],
                  [
                    -90.1174833893926,
                    44.65951883611124
                  ]
                ]
              ],
              "geodesic": true,
              "evenOdd": true
            },
            {
              "type": "Polygon",
              "coordinates": [
                [
                  [
                    -90.11274876946392,
                    44.66538984846414
                  ],
                  [
                    -90.11268976086559,
                    44.66526775860362
                  ],
                  [
                    -90.11269512528362,
                    44.66534788010357
                  ]
                ]
              ],
              "geodesic": true,
              "evenOdd": true
            }
          ],
          "coordinates": []
        }),
        {
          "class_2017": 2,
          "system:index": "0"
        }),
    marathonExport = 
    /* color: #ff0000 */
    /* shown: false */
    ee.Geometry.MultiPolygon(
        [[[[-89.76606124298608, 45.129137941352475],
           [-89.76606124298608, 45.12429337431917],
           [-89.76056807892358, 45.12429337431917],
           [-89.76056807892358, 45.129137941352475]]],
         [[[-89.71524947540796, 45.126231250505505],
           [-89.71524947540796, 45.12332441153951],
           [-89.70838302032983, 45.12332441153951],
           [-89.70838302032983, 45.126231250505505]]],
         [[[-90.43485396759546, 45.187240653412736],
           [-90.43485396759546, 44.56638066010099],
           [-89.11786788361108, 44.56638066010099],
           [-89.11786788361108, 45.187240653412736]]],
         [[[-90.34284346954858, 45.19014423377814],
           [-90.34284346954858, 45.18724065341271],
           [-90.30988448517358, 45.18724065341271],
           [-90.30988448517358, 45.19014423377814]]]], null, false);
/***** End of imports. If edited, may not auto-convert in the playground. *****/
var wb = ee.Image('users/erker/UTC/marathon_water/water_bodies');
var wl = ee.Image('users/erker/UTC/marathon_water/water_lines');

var classProperty = 'class_2017';

var pts = ee.FeatureCollection('users/erkere/marathonShapefiles/marathon_accuracy_training').remap(['G','I','S','T','W'], [0,1,2,3,4], classProperty);

var buf3000 = function(feature) {return feature.buffer(3000)};
var urbanregion = pts.map(buf3000);
var naip = ee.ImageCollection('USDA/NAIP/DOQQ').filterBounds(urbanregion);  
var naip17c = naip.filterDate('2017-01-01', '2017-12-31');
var naip18c = naip.filterDate('2018-01-01', '2018-12-31');


var pts = pts.merge(grass2).merge(tree2).merge(soil2).merge(impervious2).merge(water2);

var naip17 = naip17c.median().byte();
var naip18 = naip18c.median().byte();



var ndvi = naip17.normalizedDifference(['N', 'R']);
var gauss53 = ee.Kernel.gaussian({radius: 5, sigma: 3, units: 'pixels', normalize:true});
var naip17Gauss53 = naip17.convolve(gauss53);
var naip18Gauss53 = naip18.convolve(gauss53);
var gauss104 = ee.Kernel.gaussian({radius: 10, sigma: 4, units: 'pixels', normalize:true});
var naip17Gauss104 = naip17.convolve(gauss104);
var naip18Gauss104 = naip18.convolve(gauss104);
var win10 = ee.Kernel.square({radius: 10});
var entro10 = naip17.select('N').entropy(win10);
var win5 = ee.Kernel.square({radius: 5});
var entro5 = naip17.select('N').entropy(win5);
var nir17glcm3 = naip17.select(['N']).glcmTexture({size: 3, average: false});
var contrast3 = nir17glcm3.select('N_contrast_-1_-1', 'N_contrast_0_-1', 'N_contrast_1_-1', 'N_contrast_-1_0');
var nir17glcm7 = naip17.select(['N']).glcmTexture({size: 7, average: false});
var contrast7 = nir17glcm7.select('N_contrast_-1_-1', 'N_contrast_0_-1', 'N_contrast_1_-1', 'N_contrast_-1_0');

var image = ee.Image.cat([naip17, naip18, ndvi, naip17Gauss53, naip17Gauss104, naip18Gauss104, entro10, entro5, contrast3, contrast7, wb, wl]);

var image = ee.Image.cat([naip17, naip18, naip17Gauss53, entro5, contrast3, wb, wl]);


var training = image.sampleRegions({
  collection: pts,
  properties: [classProperty],
  scale: 1
});
print(training.size());

var trainedClassifier = ee.Classifier.smileRandomForest(10).train({
  features: training,
  classProperty: classProperty,
  inputProperties: image.bandNames()
});

// print(trainedClassifier);

var testpts = ee.FeatureCollection('users/erkere/marathonShapefiles/marathon_accuracy_testing').remap(['G','I','S','T','W'], [0,1,2,3,4], classProperty);
var testing = image.sampleRegions({collection: testpts, properties: [classProperty], scale: 1});
var testingClassified = testing.classify(trainedClassifier);
var testAccuracy = testingClassified.errorMatrix('class_2017', 'classification');
print('Testing error matrix: ', testAccuracy);
print('Testing overall accuracy: ', testAccuracy.accuracy());

// var validation = image.sampleRegions({collection: testpts, properties: [classProperty], scale: 1});
// var validationClassified = validation.classify(trainedClassifier);
// var validationAccuracy = validationClassified.errorMatrix('class_2017', 'classification');
// print('Validation error matrix: ', validationAccuracy);
// print('Validation overall accuracy: ', validationAccuracy.accuracy());


var classified = image.classify(trainedClassifier);




// Map.centerObject(pts, 24);
Map.addLayer(naip17);
//Map.addLayer(naip18);
Map.addLayer(classified, {min: 0, max: 4, palette: ['yellow', 'red', 'brown','green','blue']});





// Export.image.toDrive({
//   image: classified,
//   description: 'marathon2017-fullcounty',
//   scale: 1,
//   maxPixels: 12000000000,
//   region: marathonExport,
//   crs: 'EPSG:3070',
// });


// Export.image.toAsset({
//   image: classified,
//   description: 'marathonClassified2017',
//   assetId: 'marathonClassified2017',
//   scale: 1,
//   maxPixels: 12000000000,
//   region: marathonExport,
//   pyramidingPolicy: {
//     'classification': 'mode'
//   }
// });